14389
702
14799
8774
2712
799
19287
911
13507
577
1874
610
2060
14759
13690
2515
12370
12954
16668
14192
4765
2117
10512
20050
2063
7016
6215
12424
409
384
16781
11997
1098
14181
10438
9229
11054
10
11921
1933
1099
19919
2558
1299
2506
837
7057
3388
7545
2365
11572
1372
1538
197
14135
2563
15952
413
18011
126
6202
1913
109
4555
608
3379
3219
18044
17621
14947
1216
16722
20062
3020
1325
14212
16405
10486
1937
77
13987
13458
1105
1298
560
15655
14402
19171
9
2055
15910
1704
19854
3936
16953
18039
2594
151
17933
867
3353
18315
283
14040
2642
16660
1698
2162
14343
496
15557
7222
19306
2513
959
14347
4032
547
2228
10989
1432
1821
1225
2624
16642
14300
14746
9078
4629
1471
17858
18856
20014
17720
1348
6630
16994
1649
1881
20023
1811
912
12772
509
17804
905
14379
14215
4630
2109
17783
17258
12330
17832
20
1739
10723
13482
7070
8467
767
13579
14015
17135
9511
17663
10075
6503
18029
12789
16985
17703
2239
1301
10070
832
1719
14059
1132
386
8864
4169
3647
379
13330
14249
1437
12939
14326
5270
15957
13664
17062
18069
356
4758
12407
14760
14766
18665
17722
10594
13165
1023
1244
19649
66
9031
8885
10760
17921
3380
7102
1524
14200
12791
17095
18456
15715
1237
91
14009
1017
7830
17433
14883
488
15847
2085
29
8330
16941
6122
1640
14314
278
1620
12227
17507
1819
14054
1221
17161
12
1089
16098
17035
6034
6027
1757
8280
19009
9917
88
2428
14223
6600
14756
11030
49
986
14345
10606
14016
808
16693
19849
19565
1529
1842
18024
6236
1239
17793
20054
5195
8453
4766
14049
16100
11123
16816
10409
9845
8984
2500
11664
5225
3155
874
17141
1335
1662
17764
13804
16111
14775
14598
7330
19123
3071
6578
18001
2638
1027
14185
342
17109
444
10068
17133
1619
1139
10280
3995
725
2510
7241
14764
114
14163
14170
7589
1782
554
15779
14128
12484
1592
2417
14187
727
16956
8507
9500
7655
1067
11852
14348
18555
2991
490
14945
8894
8782
1130
1952
3998
14637
933
13335
17054
19163
11775
17162
925
919
11902
544
7561
15251
777
1480
14188
15361
932
3340
14090
1133
3649
20021
13265
10432
15632
2632
14958
2296
14050
9955
11288
10608
988
19283
9043
3891
13782
16014
583
505
1716
4080
574
14752
4796
17715
13687
17058
2183
17742
17871
18333
492
17173
14263
11242
12537
15902
12982
16695
8512
13899
776
789
1101
17730
12220
1330
3398
1152
2463
3113
19375
2595
20019
15123
1652
11676
17309
9706
1246
19429
4030
7568
2121
7631
17806
18964
16925
875
16546
10372
14292
1407
7862
9080
1336
17704
2454
16666
1761
19840
14147
1496
16896
13363
1613
3948
17756
7408
1265
4815
7555
4026
1721
14324
16146
14248
1304
19516
7806
11694
805
13728
6205
16823
17124
2325
1277
4680
14095
3896
14944
17633
2251
13080
1569
15409
16245
774
11052
3416
9698
1618
14174
446
2613
830
17735
16025
12243
11853
17099
5266
17101
6
17903
19274
16833
9083
19105
2758
17527
944
743
7953
16362
2124
2543
13809
11564
964
17028
503
1590
2574
851
7664
9555
2542
15925
16519
1170
10550
11485
1122
13643
4715
14180
5255
2504
17289
14325
2704
16651
1159
75
17121
995
8896
13266
11516
6155
10307
14346
15861
7360
18900
14098
8786
9945
164
12063
403
19128
903
9140
16678
2194
16118
17032
1793
4015
14013
1708
1079
9249
1559
10715
16980
9943
2308
19644
1694
12891
814
17094
17116
13981
1247
10346
10957
1044
16973
989
14702
13815
16657
20063
2965
1597
14465
13033
2564
365
7700
1172
10146
366
2122
14113
17235
13754
19291
16813
7574
700
9749
13156
15901
2754
2499
3151
13703
12352
1123
13407
2191
14374
629
17888
375
3383
946
19850
19485
19166
17259
579
15373
10611
4774
11838
14085
421
8494
13414
14023
788
1327
1603
13668
7741
863
16699
1303
2123
17887
14776
5373
514
1141
90
879
12363
2375
177
16060
9271
848
52
9575
434
2731
19149
12051
1987
226
2566
786
16704
7619
1419
19904
704
12603
2505
335
16586
2362
17236
10343
10408
1690
18372
3967
17270
2076
20068
12438
19271
13577
1365
13547
12808
2197
829
943
1798
1588
17052
14278
1532
836
2516
8454
1261
2788
4051
10975
752
2298
18460
12566
2160
430
8336
1136
15592
385
14629
17957
7013
2677
18043
2603
8136
17190
1905
78
1473
2404
3681
17955
2225
1357
19335
3572
17156
1800
17961
15713
5170
1472
625
19643
633
908
2252
8129
13996
207
13986
14667
969
20026
5279
2600
3067
14999
17348
3069
1602
16664
13542
14372
17167
17389
19463
4443
1021
10689
13731
3680
11223
930
6015
17059
14884
3895
7386
7316
14027
6214
1732
1748
936
2599
8688
703
19290
1266
14236
11817
17281
3999
3876
6323
7651
15893
14088
17700
2382
16124
13852
1241
12064
2714
2576
69
748
9034
14683
11425
10412
17721
2554
204
494
1920
14224
3330
8144
11890
13010
13870
16521
1249
12402
15788
2531
2281
13912
2249
10892
18053
2550
14338
2895
1903
747
16406
17314
2711
1923
2517
16071
2134
16842
2977
17071
13911
6231
9063
17733
7116
17920
346
9381
19258
1780
9837
17369
1755
13985
11521
2184
9051
10764
1385
1476
14932
17343
2090
17927
16058
2397
2041
3338
14621
1218
1622
10197
10866
573
14178
17736
2967
1353
10287
16882
1573
13827
19839
19057
18260
2501
562
2370
17222
17707
17805
14388
1465
3987
2345
20012
5278
2275
16923
14108
155
17275
4802
1806
10670
15351
8735
2716
15025
14093
636
10428
68
7596
17181
19848
4079
12938
17528
99
16185
17388
13622
10074
12604
15255
13143
12611
1764
1582
13029
858
564
16989
2297
9901
18371
15689
13659
11205
13699
1048
17496
17060
18494
19114
17726
19578
16203
14084
16831
18316
139
4096
1350
2942
17151
4834
19496
19164
16713
1062
17064
15131
2366
3444
10181
13489
491
15596
10940
17759
8308
132
18769
991
17548
17154
16700
1668
17106
20065
13750
1584
1340
7354
1994
4494
1065
16228
602
1474
2044
17371
156
7533
10362
2288
9795
19122
17056
1374
9062
1885
5311
445
2526
394
737
310
17808
10323
8863
1463
17127
18446
19831
2511
18708
2119
6050
18646
8461
9384
9528
8314
383
8541
8860
8919
17461
14214
17727
2260
17938
4019
14360
1934
1734
764
1043
3845
1653
7911
9864
3149
15927
13890
16376
3298
12310
15514
13898
16672
16344
19672
17566
741
11783
738
2093
2540
3053
17710
1574
19559
1461
909
95
13484
14334
17093
2757
7233
17838
2478
19244
723
1468
9510
17734
1561
2182
11907
17107
1941
6028
815
339
2980
17904
2585
50
15983
1644
10344
128
15900
5049
15068
2363
17333
1478
20058
16231
2235
7604
17055
3335
17379
10826
18605
4913
14241
9473
10411
8138
1601
364
7551
1391
16815
14259
8105
913
9073
589
289
4287
17150
17246
14230
11917
9534
1060
1392
18728
17136
1895
2025
2963
11438
3138
16819
1487
1581
1766
308
2108
471
1251
9029
1678
13072
2738
1258
866
2668
1959
15410
17724
439
14459
2243
14774
2286
11947
13926
19409
16865
901
13475
18116
14998
1990
17448
3022
18606
2634
2161
13758
361
2163
2424
1313
1075
2010
4540
14475
17769
1818
1326
4420
14275
17864
260
17741
14928
724
7114
18533
2568
2236
2084
2374
15923
5340
476
10105
10565
14340
1567
10275
14916
3377
1460
1637
20020
9717
16150
1033
10365
14138
2440
6643
18822
19614
12832
14668
15253
11171
1148
60
2438
571
19161
4230
2653
1240
17043
11601
931
11882
18010
17182
15412
8687
11116
11560
12889
2740
1382
16665
1827
1259
845
12278
578
14455
1279
4017
2327
9308
11667
6303
7471
2359
2527
15583
13740
870
16659
3369
20022
10567
1781
19855
17312
9682
1082
10640
2087
495
4227
7625
1593
18462
2932
1735
1167
18618
1875
5257
20017
721
598
18149
8290
3311
518
20056
1084
14189
917
2545
7849
11236
4919
17763
392
8069
16260
17447
17139
8635
1063
12277
12899
17760
2429
14020
9850
94
2960
2369
6235
11909
14203
14370
2930
10585
10045
6521
8812
630
17360
11269
12415
4421
7680
11261
3783
2489
14057
18580
16530
17061
3938
11108
6343
16708
6445
8202
7940
1767
14453
984
10948
372
13437
893
735
396
17257
3970
14676
17147
1352
17768
2509
14672
10385
7115
1562
14053
14019
14198
2534
107
7331
17072
7054
20067
19388
1728
9339
1276
1153
13468
214
16955
1617
17916
17048
3110
20033
11
14099
8029
18481
349
19144
11490
1466
688
246
853
14896
19289
6304
16656
1169
17380
8086
1675
4458
2238
4404
1297
2675
118
149
2233
18676
8841
7480
14268
575
3757
2544
1045
19833
17719
14136
2654
1168
10495
20035
10647
19841
17240
983
17915
2893
3212
2148
13997
10044
18975
19491
12712
2101
14233
8871
14042
10135
17950
7807
18831
17892
1904
14123
4098
14354
76
17723
9004
4520
590
550
13935
941
19709
2633
17822
1642
14008
2928
4514
1746
17979
89
14074
13716
17119
14333
8835
8246
2450
1778
11865
2338
14209
15357
16942
642
706
13290
9863
1263
14216
19140
17260
11530
7695
3834
14290
2299
1483
14605
17473
9533
1252
16690
5004
2200
4033
2762
7960
1639
4762
12305
1877
2637
19617
16652
16661
2234
19552
12892
12221
96
18780
1433
389
1702
14171
2742
10674
14931
5258
7301
144
16200
17029
8037
2536
9568
17898
1220
17757
14256
6349
13055
18492
1679
13752
2381
4684
9349
11638
15918
9069
14101
15787
4482
5273
14912
9064
9655
10375
7488
1752
13465
17184
11741
17331
19582
15780
1681
1442
824
14244
894
20047
