14389
5530
2570
16164
3813
1142
702
18095
14742
13424
1134
16832
16669
1956
14799
12272
967
9580
2176
8774
3741
17781
14468
8206
2712
9870
16585
16773
1309
799
6665
8350
19287
9739
17545
6491
911
17812
5280
624
13507
16094
2696
18318
4795
7127
1014
577
14076
18155
14036
14336
14071
16746
1874
19380
3582
610
15489
13613
2106
2060
19604
13849
13673
13017
14759
5361
18103
999
10702
13690
9729
13140
11970
8092
15775
11423
2515
7527
2946
11077
296
12370
9061
3810
2311
697
15562
12954
2472
14919
17947
16668
10354
16694
14192
17368
18145
3686
19295
17554
15939
4765
2433
3359
2117
17174
10673
5593
9458
18890
6951
11938
10512
10867
19423
20050
18502
17165
8439
19899
8438
2063
13276
13226
1165
13770
7016
3374
16497
7809
6215
14114
6321
1112
6817
12424
17229
6175
536
14939
409
16153
10863
6453
384
17166
8881
4433
2156
16781
13324
470
569
2982
12855
11997
3588
1164
411
1098
20005
4464
2439
18198
15491
5840
14181
17982
10438
15291
4291
1125
18952
1110
7409
1315
14620
9229
93
15524
15579
11054
13329
123
3405
10
10755
675
18550
130
9581
3497
11921
8540
15470
10644
11191
1933
19232
6275
4414
1099
19938
19255
19919
10358
12281
16467
4677
15634
9312
12156
2558
9565
10752
1299
15016
31
20045
15486
2506
17051
449
4944
837
19843
18677
2987
8310
19823
18724
18992
7057
18912
3388
8847
14622
73
16284
7545
9332
14960
3239
2365
18666
16714
4350
4100
11471
19666
6325
13863
11572
19627
1372
2181
13989
11038
10395
10620
6195
1538
17716
18888
197
18237
243
12829
17500
13199
14135
10011
12768
19243
15536
18733
2563
9816
11725
2179
17963
19927
15952
18719
275
10580
3600
413
9238
11412
2698
18011
5188
2785
19129
14820
126
2309
5573
6202
4339
12518
15057
23
1893
1090
1913
13128
2620
11811
2541
17909
109
1499
2088
19868
6687
4555
566
11226
1774
14802
608
16447
5741
13027
3379
4119
4161
5100
3219
11796
12979
18044
17945
506
3177
1428
15672
12777
9261
17621
2628
5335
17215
12915
14947
10061
17718
3001
1216
14144
19147
16697
14242
13557
10969
16722
19550
20062
733
11908
4864
12111
12971
3253
3020
708
13697
1325
8332
18663
5645
6758
14212
8321
7750
19669
9241
6684
4062
17564
16405
19555
10900
10486
12786
18079
5847
1937
12338
11867
18526
4931
2780
426
559
77
13987
3664
17152
19637
9001
18255
17160
16778
13458
17631
3882
1105
8628
19659
9136
15074
1095
417
10492
1298
19948
19354
560
1421
5033
14876
19028
15655
541
13940
4271
14596
6606
12145
14402
17591
1729
18920
19171
19135
14131
11929
9
2680
15490
2407
18588
9668
2055
17827
8968
15910
15254
5392
14134
2493
5660
1704
17771
13826
835
19854
18535
18919
11459
15483
6483
11407
8302
3936
10850
16304
160
16953
11649
18221
17610
18039
18426
4751
16686
11243
18367
2594
12358
19268
6707
13150
4367
151
15165
1546
19165
17933
19621
6351
682
867
5370
12920
4772
19476
3353
10077
15194
1289
18315
4784
18144
9699
14289
7691
12578
19652
283
17114
15501
14040
8373
16687
3981
5683
2642
338
13526
3101
7991
6212
17261
16660
15027
2367
14231
2702
1698
11058
2388
2441
2162
3230
8367
14391
18036
14343
2065
18457
16529
5130
19061
496
166
15363
13922
4217
15557
950
7222
218
3112
14905
18139
7213
15032
9969
19306
1624
4027
1550
3165
2513
11872
3730
12924
959
5887
9513
5184
17739
14347
3527
9497
7396
6826
5701
4032
9524
2752
19286
547
900
4495
2228
7748
5018
4710
15651
10989
17993
12007
13201
11914
1432
7792
2240
19956
1238
1821
19213
13860
3751
10149
19728
3794
19041
1225
2831
19428
2624
5350
12195
10404
3073
16642
17629
8244
16525
13028
14300
12888
1209
17339
19950
6098
14746
3235
2537
16984
3247
16015
9078
7573
4629
5325
10249
15404
17484
10700
3447
1471
5302
11878
16689
15475
3331
17858
508
3214
6966
19874
18856
20014
7064
8124
3064
806
10526
4461
15457
12401
17720
18834
1348
16775
9028
12399
10810
4978
16811
5852
6630
16994
360
15848
11602
17758
16481
11869
469
1649
6063
10244
1881
4236
4805
10374
19210
20023
13994
14298
5264
8149
1811
12904
5226
18002
17948
9151
18505
912
14497
780
3332
4928
12772
10406
13674
19220
2054
14992
509
14445
17659
15293
773
17804
9244
3312
4502
905
18942
12606
14705
14379
10677
18007
14215
11155
16741
12570
11086
12312
205
1799
4630
18339
3544
10945
17105
2109
5684
4808
17783
16524
6040
2774
10680
17258
15599
416
9475
2530
4082
12330
18894
7726
3883
12847
17832
8065
1278
14302
20
16520
4039
13327
6675
1739
11802
8508
8726
2718
14901
286
10723
5108
6177
5369
5552
15188
13482
18170
17164
11886
19008
7070
1707
13147
8820
8467
5137
11166
1163
6553
802
767
13768
13579
13297
8083
16156
2588
14015
1191
18354
14033
14904
9221
4058
5145
17135
19763
10973
15610
868
9511
15223
16542
17663
2455
7174
10075
11831
1217
5291
13300
4332
8402
6503
10988
4538
1918
12900
18029
16717
10316
12789
4771
8950
631
14190
1096
18886
16985
9952
19215
2139
17703
1983
2317
18453
17908
2239
1583
16839
15089
1301
1323
7152
18681
6863
16064
1712
9951
19376
10070
5671
16795
6186
4394
832
17157
8832
1719
15071
8905
5441
19985
19739
19218
14059
15794
8509
11642
10943
1132
1957
10410
3511
1859
386
3167
3422
8864
16898
5260
14930
3955
2892
4169
7441
15949
19569
9941
14640
3647
19299
10652
379
18600
10215
10946
13330
14146
18709
17660
13236
3362
3477
14249
13486
6635
11500
5097
12821
1437
2111
10300
16707
4063
12939
14326
3119
880
10347
10297
13607
2722
5270
10331
15099
15436
4801
2437
10792
15957
9502
12248
12373
12824
13664
5726
17062
19385
987
5306
17438
19650
18069
2114
15549
11785
9585
356
15000
3266
3213
19402
12128
4758
18208
10879
1028
12407
7478
11098
2737
2522
1400
14760
7676
15577
18455
2442
14766
16398
10834
3619
5659
18665
4513
17722
16506
516
972
8581
6651
17489
10594
1989
10908
15836
18933
18880
13165
14493
3420
3040
13253
19308
1023
19567
19618
16801
11159
1244
17097
13839
8360
16859
19649
15023
13309
6008
5262
66
12177
14039
9031
3207
5610
18279
5348
12040
1858
8885
18797
10760
16894
19829
4325
11728
10219
17921
19477
7534
15853
16881
594
3380
11922
10916
7102
13808
13195
13735
18352
7135
1524
16072
11331
5193
10843
15996
5305
14200
5694
12314
12791
13138
6153
17353
17095
11385
16683
5814
1907
19184
3720
10941
18456
2956
15715
1118
13315
9521
3045
13286
7082
1871
1237
18447
91
14467
14729
15658
16499
398
6644
14009
10902
13393
8303
318
1017
3470
18115
15609
3451
13347
7830
13450
10836
5287
15459
17433
20032
5028
14883
8329
13066
4070
15837
16168
488
1066
15552
8607
825
3257
15847
2604
10964
623
13183
2085
330
29
15958
2972
7735
20039
18287
8330
4692
15921
1308
563
16941
6604
6193
6985
3036
5466
1068
6122
5508
8997
16997
16346
1640
3019
11844
18300
14314
9009
7916
12846
278
9047
540
17255
4679
6661
6726
1620
12288
10880
11139
12227
7023
12320
10184
18244
17507
13402
3456
18673
1819
19648
16363
19032
15084
9202
18093
14054
1221
3870
18021
17398
17601
248
13661
16910
7188
17161
8492
10701
12
4893
1940
5850
19721
5626
1089
11039
3344
10549
15443
3997
16098
15393
17035
4065
8285
5475
6379
6034
1950
17374
17879
6027
15969
13881
4311
13075
2678
19101
4564
1757
1272
7153
9334
8280
10852
15024
13658
19009
9950
244
4579
1772
6355
18276
9917
7494
8925
88
17513
613
3035
10949
8580
2428
15284
17098
8307
19986
11834
15244
14223
14937
11477
19707
8929
6600
2405
934
9939
10283
14756
11056
12337
11030
4515
4488
2746
49
5625
247
17943
7706
3408
13435
28
986
4031
14345
6957
11883
17192
9039
15243
766
10606
5409
2940
10516
15135
12379
14016
250
1179
3538
808
1949
19981
15142
15941
14677
16693
18203
19849
7019
230
433
14849
13219
19565
16056
13501
39
17568
13597
1529
17520
18268
16190
14844
8394
1842
14158
2002
3086
18024
18937
10734
15392
17767
147
6236
817
1239
43
17737
19127
8719
17847
17793
11534
5355
18458
15612
3968
10114
20054
19168
14306
5195
4892
14312
6335
13641
8453
17522
454
3733
4766
552
11940
348
4077
9794
15263
14049
9236
15716
698
1553
16100
8852
5787
15344
15178
19610
11123
2300
16816
11703
10972
15709
15974
1242
7828
10409
1292
12188
19488
9845
8368
17465
12881
5295
9204
17125
8984
17008
2500
4200
11916
11094
810
10684
6217
8853
11664
4475
5225
3229
13553
18846
3155
18484
15568
11398
19300
6338
9014
16470
12804
874
11644
1672
17200
17141
6806
19466
10145
2170
5236
1335
17049
18487
16990
1711
1662
17764
19460
17460
3950
1883
14772
5380
16419
9099
13804
591
15139
9297
16111
12300
1024
18953
973
14775
8198
14598
10390
2657
302
15630
19285
3564
7330
2304
12565
957
12295
157
13211
19123
6234
15931
18968
11568
3071
3672
4709
6578
17078
11463
6273
10539
18001
11896
17299
14494
9335
8958
2638
16305
8326
1027
8917
18715
8122
11157
8969
14185
19628
1794
1519
1785
3971
342
12006
7958
17109
7320
19647
15844
2272
12348
444
14733
3625
1166
16120
17657
4128
10068
12556
6932
18922
17133
17519
2824
12316
171
1619
17761
12127
12342
1139
9076
2827
1116
14646
19662
10280
4567
17026
17441
10960
3995
19557
15316
725
4545
17999
5337
5030
6207
2510
18342
10337
15704
3960
7241
1872
17132
12109
2789
14764
13328
13647
18082
2202
5090
4171
114
14163
3498
12944
19226
4601
11779
10659
13628
3674
14170
19049
10440
1982
7589
97
12223
1782
13788
9566
811
554
5513
823
13048
7340
16785
2306
15779
15310
6620
5538
14128
16357
16495
10517
771
980
9505
10159
12484
17089
20010
1592
8463
4732
19446
791
19368
2417
3692
6102
5275
18391
14187
6160
20059
727
7285
1805
11733
10473
5951
8429
8528
16956
6372
16978
16620
8507
14386
1338
11026
9500
17070
7591
6009
2482
7522
2145
7655
11419
5235
7781
821
1067
14654
6192
4402
10832
11852
11421
13516
7618
13311
14348
10489
18555
13476
10447
10393
742
20031
18489
18896
2991
2169
9243
14755
490
5332
15506
4602
1288
16027
14945
13292
8894
19551
8140
15334
1269
6431
16049
8782
12097
4353
112
18414
1130
17997
16998
12519
1952
11982
2289
9122
18042
4916
3998
8604
17206
5890
14637
9915
19257
5112
933
16486
13652
7477
15323
4735
7358
12173
13335
4356
10309
6094
12948
17054
10304
19163
16605
4649
9866
11775
8028
2379
13001
3702
17117
15768
1697
17162
16356
998
5334
9786
12609
925
13308
13258
919
16836
19502
14094
9811
11902
12149
8405
13588
17040
13696
544
7336
10119
6383
10966
7561
2449
17422
12849
15251
12730
728
3099
15122
11000
12101
777
10055
14946
5976
1480
4791
10672
5789
13810
14188
5555
15033
12279
19984
13769
15361
932
9944
5881
16592
6821
3508
11797
3340
1427
8378
2655
3722
3157
857
14090
12244
1876
14184
1826
1133
18629
5213
18028
3649
16189
18113
1197
17956
20021
2322
13265
1768
14630
10697
18118
16301
10883
15690
10432
15047
16968
10718
6091
11446
15632
6565
12258
13002
12015
2632
13016
19109
5637
14958
19416
15487
9421
2296
19352
6426
1088
8216
14050
7708
13864
15822
10687
11619
9955
4179
2080
11288
10116
5986
16050
10351
10768
10608
19182
5596
19305
988
3543
2471
14501
19283
7950
5088
3545
5899
2396
9043
13646
1046
10112
167
17984
17917
4384
3891
19120
13782
3367
1223
19478
10398
6452
2147
16014
480
1341
10962
583
5643
15302
4688
17285
505
3656
12267
288
5650
792
12408
1716
3220
6545
3894
11952
4080
574
8390
10329
15604
3780
12620
9553
10568
14752
15427
4343
19796
12396
4796
19345
17311
17715
13854
12744
17452
16441
13687
17276
16534
11754
10676
11464
2786
17058
12193
19270
18721
2183
9744
4639
2305
13567
17742
5252
8033
13991
8050
13748
17871
6043
5978
8901
16770
8421
18333
16688
1257
3577
15106
492
10471
18014
387
11925
17173
17057
3202
258
17377
14263
13341
1869
7334
11242
8201
12840
19937
18638
12537
16675
5506
18117
15902
17202
13766
1661
6118
3561
1408
12982
1969
16921
663
974
16695
585
8512
19655
7307
15534
13239
13511
13899
5099
6148
17747
2312
776
11025
18107
1796
10942
789
16437
1050
8651
6850
1101
9121
5121
543
4307
6306
17730
3088
12220
1182
4459
19314
6508
2172
2507
6062
1330
2990
11010
13326
1290
3398
12725
501
15061
10800
12161
1152
11939
18597
3192
16141
2463
14204
4272
6639
3113
8637
11682
6487
19375
12171
13527
2595
17752
16810
9598
5547
4983
3117
10186
7611
20019
17931
12719
13088
15123
16154
9619
1337
1652
10256
4449
15933
19454
14129
11676
1214
1250
17309
16864
2120
3499
19312
9706
3194
19077
16491
7163
18706
1246
11571
6603
18311
10918
19429
754
5418
15888
4030
19683
18943
17745
17361
3984
3500
19970
7568
2121
2728
18705
16518
1508
10958
12648
7631
16871
2008
720
2448
11880
19400
17806
7071
7338
18964
13441
485
16777
3989
4793
16925
14353
12887
875
3605
8424
19523
8236
18554
7547
16546
5271
10372
16359
16424
8306
3223
17464
11791
16306
1187
14292
18895
10371
15160
2667
1407
5065
7862
8989
18866
7351
7026
18151
9080
12280
10255
3630
9855
6832
1336
13082
4174
17704
9609
2529
9787
9527
7062
2454
4212
11643
1446
5888
14914
16666
3626
7382
16712
1761
5238
3899
16179
19840
10082
14777
4719
11688
11718
5673
5448
14147
19334
9449
329
17683
1496
14754
16896
10391
650
19387
2223
4156
13363
5155
13905
9322
4086
1613
14257
1837
5056
5576
16829
3111
3948
8790
17923
9328
4104
17756
8155
3324
2983
17851
7408
1733
2107
6224
1053
1265
13225
19447
2512
3038
4815
12740
14041
7067
7555
3642
19353
2129
4026
5776
6134
1721
13556
16975
17705
7346
1195
10212
3604
8068
14324
16146
12266
8159
8316
12453
576
18289
9110
572
14248
1304
910
10069
7662
2007
1695
18241
1086
10950
19516
19167
3750
4188
3189
7806
10692
11903
11694
11409
16031
9737
9742
1547
3426
805
3801
7009
13728
1455
5602
12495
14219
5710
6205
4114
16823
2616
7012
12456
4506
19805
14962
1731
17124
794
3100
7532
4020
2325
12822
3535
18541
1277
15922
2390
17572
9634
680
9807
4680
13485
3195
10419
7158
14095
11335
2618
102
3896
13705
11189
14944
1810
14119
8375
15928
14441
17633
16202
15909
9642
17848
17912
6506
2251
17784
8656
5034
1996
13080
6398
1569
14056
19507
9531
16598
7603
15409
828
7955
10441
14790
10467
16245
2829
19989
13651
774
16102
13891
4352
11052
6949
2659
143
3416
2402
8479
7195
12531
18386
9698
6736
5470
2307
397
11774
1618
14604
56
655
9199
14174
8265
18195
5089
9719
949
10872
446
13835
15926
7579
1054
2613
12264
830
676
10497
10813
1470
17735
16650
8660
6480
11771
11431
16025
1730
16448
5955
632
14448
12243
12208
13467
19665
220
11853
10980
3226
14365
17099
19039
8104
1988
8455
11592
3228
5266
17101
15472
17514
10379
11339
1665
658
14369
6645
6
1354
17903
17962
17391
16826
1064
13828
19151
19274
15374
233
17751
2206
19470
16833
328
3286
16752
9083
5510
3563
5943
19105
16625
13396
9157
11250
15807
2758
6142
64
16119
16510
4820
17527
2645
3827
15783
944
13459
1787
6242
743
11492
19199
10425
12416
17244
7953
3159
7665
18174
19606
2909
16362
15850
2124
11186
12271
5399
12395
2285
5308
436
2543
14254
2021
3068
19754
13809
13496
11564
707
952
3792
705
16507
964
7714
19340
19197
16496
17028
16463
11415
13885
11953
1580
503
18967
8676
16709
5519
12016
1590
2273
2574
5222
18218
978
17594
1254
12028
18061
851
5360
10225
18186
3856
7664
13246
18148
19601
5256
9555
13665
15656
7252
2542
7206
8180
8054
15631
3065
15925
16476
16519
9659
7600
16249
3566
10213
7694
5974
1170
10778
19303
10550
4276
10947
3886
9754
18165
11485
17434
6568
18057
1122
7868
9981
13643
5037
8194
6261
1714
18220
12175
4715
5429
13102
14180
838
18038
12618
7492
4854
5255
4432
2086
10506
2504
10389
7659
115
1851
10523
16383
16388
3839
17289
3756
768
7822
5494
14325
1231
2602
13220
4295
2704
18267
18434
16651
12137
1674
1159
1359
9574
19514
2220
2410
11206
75
9740
12970
4297
6650
319
17121
12200
995
18979
16187
3487
16822
8896
19619
8749
15518
14431
4003
1713
45
13266
17658
15177
14466
13364
14841
11516
3879
10084
6155
18378
12917
10829
9206
10307
5265
12105
7095
12308
12198
14346
8174
10783
19842
17322
15861
17009
3959
7360
762
3518
3861
5374
18900
19330
19780
4197
17750
6413
14098
10896
9772
15603
165
10518
18388
8786
9945
1012
19586
6682
10848
6053
15961
10407
839
164
15400
12063
3386
2715
8072
9556
13092
1625
14301
403
5365
7626
12625
14464
19128
9987
9971
903
19212
4391
1812
3667
10596
9140
14890
18584
3265
16678
15590
14062
2143
6083
8040
2194
2383
8539
3375
16118
17205
7843
5411
17032
11966
2026
3663
18899
1793
9967
14307
15878
16779
4015
5472
1899
15356
8126
11112
15984
15454
14013
5775
14385
1708
4568
551
16703
726
5200
1079
4069
12812
3851
5516
9249
19964
16557
13076
10996
17932
1559
822
16981
7024
10715
18359
10634
15141
16980
609
19026
954
9943
15085
6659
12546
5786
13590
6576
8645
2308
19644
6857
1598
8217
325
6190
14165
1694
1155
15134
12339
13979
12891
15985
14323
1356
19307
814
12488
15509
19152
17094
18397
7263
15670
19001
8505
17116
10315
14863
7432
4817
6299
6209
13981
19145
4862
1247
686
4829
5735
12851
10346
14765
8682
12463
882
19549
10957
975
11794
18857
1044
2902
18131
4218
1367
5652
6615
16973
15650
2157
989
1366
13574
8907
10976
1215
14702
11906
16079
2350
11531
5455
13815
2006
16657
1882
18558
19408
5352
626
10860
652
20063
13953
15217
10103
2965
16170
11081
1597
3612
4296
12757
14465
17861
12160
16643
19443
1839
13033
12457
7855
19339
18355
1760
4763
4163
2564
12952
13904
4843
365
3017
255
12306
7700
3343
12202
9282
1172
15639
3407
6880
19088
1671
10146
19759
634
11684
8945
366
4427
11498
2122
13532
11142
9880
14673
10817
14113
315
1906
17142
1203
6590
18013
14155
17235
14117
9646
13945
13754
19720
3347
4559
10897
6771
19291
141
15854
17829
16813
16837
101
11047
7574
2246
19699
10521
12799
12856
700
15307
16840
17944
9749
12738
11782
4690
3472
8910
16619
13156
17030
6024
6448
15901
13104
224
19490
2754
8449
15763
4436
2499
428
16706
1510
13217
3637
3151
16414
3145
489
2460
3147
13703
15997
935
11140
5720
12352
5938
12718
16569
6795
17776
1123
15184
20037
13407
10660
4124
4435
2191
18766
13933
9596
2479
6938
12008
9842
14374
7536
629
7212
13760
10421
8620
17888
2573
13806
8472
18547
465
2047
375
4392
18642
3383
15484
16108
13851
3576
15790
10818
15960
946
3496
3520
1025
19850
17018
3949
15001
16537
16593
19485
7677
14012
13725
14183
19166
4158
17259
341
13530
3922
7470
6715
15765
579
13803
4997
10589
15042
15373
13492
16869
18216
10611
13944
13209
2769
5351
11068
4774
5714
464
13999
11655
12119
11838
12376
18215
14085
7647
7728
2710
4428
421
18488
8746
7641
8494
18232
15676
18720
1129
5066
13414
6679
7877
4064
14023
12326
5589
11501
11529
15802
42
10378
788
10859
198
1575
10769
1327
1648
2343
12739
2068
1603
18750
13668
12368
12617
9188
6546
10794
6253
7741
13822
16412
9693
15125
3146
863
15212
6001
16699
8496
14851
12937
16209
1303
13166
553
19070
18437
6638
17540
2123
10919
17887
13518
5398
3084
19238
14776
18928
16473
1147
5858
2779
4613
2882
5373
514
3199
19010
1726
18214
8000
12356
3754
1141
15770
3641
5383
279
4755
90
14378
14687
16958
14317
879
14986
16425
12363
4038
13548
17282
2375
9417
6667
19132
19639
14698
6936
177
17420
1009
17873
13050
2132
16060
15091
997
11569
9271
3880
848
10963
16597
18624
18788
15370
5109
3972
52
2546
1267
17118
1831
9575
4604
8127
434
19148
16410
15007
498
13457
3944
2380
2731
876
10765
8769
10487
19149
48
3300
12051
10464
19492
4450
1042
11070
1987
2477
1151
13168
16501
226
10528
9875
3503
3836
5837
2566
5686
4313
786
6409
1502
16704
8519
12478
14081
12106
18191
9239
10179
6589
7619
4619
1419
4890
13417
7089
13135
18326
2037
11835
19904
4794
1611
10132
18416
704
10649
12603
7761
18100
2059
5
7403
3525
2505
17303
7267
13709
335
8809
15799
8293
13923
5442
14595
16586
3820
1205
13117
2362
12953
17236
3727
10551
9980
5749
14663
10894
2533
3418
10343
5562
16535
16110
19580
10408
884
19241
12509
1690
3528
14240
11551
14331
12307
18372
18384
5241
13354
7230
3967
17270
4242
5817
2466
111
11416
2076
11719
15389
10691
2749
18264
20068
15887
8284
15246
12438
11696
7518
142
896
9379
4000
19271
11257
15403
10666
13577
15154
9494
17494
12391
13800
17128
1365
2581
14328
7235
9053
13547
17770
10901
9253
8653
12808
18143
1667
7329
2197
5666
1801
829
3210
5730
10881
16850
539
11830
292
943
1798
9689
11978
3551
9295
4338
10570
1447
17642
1588
10505
17031
8957
14458
17052
4160
15793
1233
16487
14278
7632
3708
4349
234
1532
16391
13429
6103
3776
836
14045
2516
19406
19710
19363
9612
8933
8454
19957
14833
4132
1261
9847
8506
18413
4210
11843
20029
2788
856
14320
3835
7814
10588
4051
615
7442
8112
5301
10975
13663
10915
14000
15858
752
10496
17934
2298
3915
4734
17201
1002
3660
16092
18460
19949
16368
12566
4779
10335
19051
6655
17893
2160
14384
907
13453
18062
430
11848
11143
6654
5931
12222
8336
5632
9283
1136
10479
16899
239
15592
10031
5251
12226
16504
385
4045
2565
4558
3279
6174
19012
3400
14629
8592
11990
19777
15429
17957
6894
11773
20052
7013
6416
2335
174
12476
2677
4926
15806
19116
10501
4084
18043
1614
10737
2603
6194
10907
7312
11040
8136
13312
16380
16679
17190
14173
9577
15221
1905
6514
12384
1751
12192
2609
78
9804
1188
10175
1762
7582
16193
3517
1473
9953
10790
5284
19961
2404
3357
17508
16465
3681
8252
11224
2891
11615
17955
13113
5102
2225
18432
8205
18938
14103
17271
1357
8318
9276
842
19335
19176
14648
15829
11686
3572
12731
14892
17562
19733
16126
1632
17156
15541
14141
1800
11891
1777
18793
16321
8223
17961
4390
242
10513
16547
15713
17977
16195
17146
11399
12898
5170
7766
7402
18578
1472
7939
5190
17148
3439
1722
625
10130
16020
4022
16063
19643
14769
6919
633
11266
2146
877
11255
908
19205
4746
189
1177
2252
11082
6311
6439
5949
20025
19735
8129
5345
1528
8840
5197
16381
13996
207
12437
7541
18911
14284
16918
13454
13986
763
10612
19231
10679
12471
14667
6424
12702
969
11584
5816
1892
18692
11826
20026
16458
13063
3515
11153
6787
5279
14316
12778
17163
4687
2600
4914
4251
17428
3067
17511
127
13325
19646
12413
14999
17989
16950
13713
16365
17348
1834
3069
3242
6071
11410
12815
17073
18808
1019
9214
1602
13191
18540
1825
16664
11220
14024
4123
19935
816
13542
9916
4066
13603
14372
734
850
6602
17167
7578
5082
16322
17389
13202
13077
10488
19463
1332
11875
3509
16658
928
2751
4285
4443
13235
15297
3735
4088
1021
6709
10689
10547
10088
11645
4725
19537
19609
13689
1360
13731
11734
16097
298
12269
3680
11223
17038
14963
30
18825
3329
930
8183
11611
19825
8167
2592
6005
6085
6015
14749
2652
13234
17059
19908
7321
6414
17230
14884
17327
2905
9277
16493
3895
3945
18307
10597
2432
19585
7386
14031
18476
19044
7316
4298
11780
11562
16242
18941
14027
14130
12361
2210
5600
6214
15660
1732
16993
10435
16527
15353
14826
15626
17913
1748
1192
15248
4465
18744
936
5753
14954
15467
2599
10553
1634
8688
12186
14073
5994
703
19150
4383
5263
3816
765
19290
3180
6994
8617
3078
862
1266
65
5732
2005
467
5274
14236
14245
11132
12827
5588
18668
11817
5116
12276
17281
10628
5076
3350
18779
14006
3999
14273
1150
5327
3621
16073
3876
2113
6323
13872
730
2976
558
12392
7651
8239
10648
16889
6401
10903
15893
12918
122
10890
14088
1248
13583
8802
1958
11786
6342
17700
3529
5107
2382
1074
6433
12442
16124
8575
4229
4109
12507
16116
10504
13125
13852
15930
13514
12502
3793
1241
13259
10858
12064
3130
9738
16716
6614
11254
6073
2714
17108
16764
9526
17575
2576
15995
16705
6157
11518
69
7729
17039
748
20040
15649
530
3075
179
18147
9034
459
13608
12317
14683
15593
19538
10433
11425
14213
14401
16485
13268
13816
6185
10412
18851
18228
13070
17721
11173
8245
14258
2554
17649
5526
6742
2295
14399
16957
204
1294
12411
494
14060
1736
9025
13591
17334
1920
3679
3973
18682
14224
2283
20057
2188
13947
3330
46
8562
3593
8415
8070
8144
19836
2264
13270
11890
5777
19208
18199
11859
7003
13010
7838
2421
17384
15991
11739
13870
12657
11312
17297
15455
16521
2475
710
18542
1249
19929
11581
19579
18582
17599
12402
6314
3713
15788
16337
6804
1680
729
11148
915
2531
19910
2672
7871
2281
18700
12136
2336
11928
13912
716
17020
18538
1633
2249
6594
10317
15845
12597
2911
10892
4621
8036
19172
3031
18053
16992
14191
19888
2550
3341
14338
17973
12378
1743
12394
2895
12345
938
12443
2189
13988
5317
16820
1903
18046
4430
17929
17509
747
3668
11508
3609
16406
11156
9767
10502
16766
3390
17314
8344
2711
1228
16861
13203
4745
4491
2735
15852
7910
1923
11984
19298
10775
14157
2517
10022
16071
11653
1971
2137
1429
12074
13224
5920
2134
8657
16842
16117
4133
7059
13727
4674
3473
16838
2977
779
6849
5751
8927
17071
846
1005
15029
13911
5020
6673
6231
3270
19746
15299
628
2167
19259
3091
9063
17733
3250
4052
12349
4087
2498
11105
9198
11860
7116
131
19074
17920
13205
2548
346
2153
6370
5322
19418
6899
9381
9664
2626
6898
12089
10401
1813
19258
10784
8915
2651
1780
4415
18408
16868
9837
3704
17818
7985
9691
19235
9372
12590
17369
6587
16711
1755
5798
5382
15545
13977
580
8446
13985
3490
11521
7915
1931
4092
1855
11944
13640
15832
2184
1230
9051
2761
693
19564
19112
119
10764
18135
8437
8156
8334
19616
18344
1385
1534
3932
1476
16212
1424
19431
14932
13736
19714
7191
12826
17343
10330
6206
9852
2547
20038
2090
6597
8944
13240
18792
17927
4620
15538
10873
15377
17878
16058
16912
161
2397
9530
19075
5396
1802
2041
4425
424
7104
16545
2687
6097
17635
3338
2346
6968
13448
15206
14621
1218
2105
10121
2198
3526
3081
14750
1622
9731
8818
11591
2291
18518
4807
10197
16685
10866
10527
10884
18092
573
12004
3378
641
17437
11092
13136
3399
14178
19740
19067
15972
17736
10699
1629
19276
16369
2967
4484
11735
3685
19887
1353
1966
7292
12773
10287
2826
9300
19414
556
16882
9848
10622
12315
2943
1573
922
13291
1670
15216
18845
13827
11233
9426
2681
12800
2144
6451
19839
4637
19057
11473
13866
11424
6427
15305
6419
10714
18260
2501
963
19975
3534
18240
14125
5245
562
19217
8189
3586
2370
13275
150
15031
2069
14659
17222
15096
1013
27
17707
1902
16715
12388
13365
12355
18927
6252
17805
1059
13539
14388
2016
16885
19832
5349
17946
14079
1465
3987
8858
9445
16732
19236
16469
2094
16341
2345
3196
15891
20012
5707
11557
3826
5333
272
5278
16568
17830
13223
16096
2013
2275
17628
1641
9690
937
6528
16923
6074
5514
7753
14108
6154
10632
17213
14893
1000
155
19062
17275
1052
19513
11060
4802
10740
9311
10100
2993
17145
3482
1806
16433
18909
10861
9369
7060
10670
1144
14643
15351
11900
6520
4407
17532
1456
19133
8735
13855
2716
11604
1316
20049
1912
16121
13753
7462
15025
462
19347
13880
14093
19146
8349
13512
3182
10474
11616
636
18078
10428
15492
6812
19501
8203
68
15030
18583
1178
7878
19160
5011
7596
4215
2503
8801
16886
10013
17181
19515
7231
13118
16964
19848
10373
3299
4966
4079
4012
3236
5103
9765
3871
12938
1503
9685
17528
11646
1058
99
3007
8543
3644
12328
3372
16185
3752
6797
8533
5202
17388
11251
621
2484
12158
6136
13622
13443
17907
2032
347
10781
17869
10074
13273
9990
9857
2177
12604
15330
18094
15255
14666
17189
15439
6045
1081
13143
196
11396
18971
12611
12629
3807
6472
16765
3105
5286
1764
13179
19465
1582
18520
238
457
262
13029
16725
10029
14880
858
6399
1684
17424
8721
564
12599
7219
4476
1271
16989
11841
1646
295
12231
2297
3969
18350
17774
18271
5359
12572
14936
9901
16681
7567
18371
731
3397
4141
13445
5341
15689
14624
9057
8085
11827
13659
3927
715
9316
11205
7079
4081
6800
13449
13699
17425
15067
10777
8043
5388
4044
1048
2337
4512
14740
9625
13198
15199
14679
12633
6373
1126
8789
10661
17496
12957
180
17060
14943
1146
3818
11403
1138
3260
10759
12261
18494
16649
19114
5387
1779
6331
8757
3345
6404
9309
17726
20015
19578
5342
8808
6608
17120
5810
16203
2102
9461
493
14084
12404
10569
19248
1406
7559
9054
14924
16831
18298
11102
18316
9501
16622
11657
139
8898
19195
19185
4096
3221
11575
627
18020
12292
1280
17567
4825
1350
4351
17897
2942
19143
5194
6700
7660
17151
17296
16804
17392
16472
4834
1376
1388
6129
19496
6963
3581
3840
7406
3596
599
6569
19164
10693
19967
16713
8501
8168
13799
10259
1062
10758
9569
8327
872
17064
10837
19982
756
7037
20053
15131
8725
2142
2366
17300
2807
6100
14260
3444
14261
13036
343
11069
3211
10181
14208
4292
3587
3241
17211
13489
10952
15862
15464
491
1208
14255
12624
6558
12810
18684
15596
3654
12555
11279
10455
10940
15899
14269
9476
17759
18048
1120
3297
10682
6915
8308
939
9608
132
6042
5618
5057
17506
18769
18727
8407
5106
991
2255
3983
7284
17022
8337
14145
18162
17548
201
1769
17154
10925
10939
11450
18525
7428
3819
16700
15519
855
914
1668
17340
17418
13734
11468
6183
17106
1401
20065
12350
12576
14077
13750
5583
7759
14327
12321
393
15386
1584
16939
19050
4095
15767
12497
1340
3188
17033
7354
14309
20018
13797
17137
8491
1994
6666
5292
32
7437
18037
8731
4494
11444
9337
1065
14748
13058
9259
19110
16228
8093
17953
10616
13886
19279
16488
602
3838
3623
1474
3137
4606
153
16897
6069
2044
15916
17371
5783
2022
507
1329
8816
17076
6769
156
14641
33
5381
7533
16677
19181
17315
4282
10362
10001
15011
2288
10592
1469
1145
19153
4609
9587
18956
4110
9795
985
14287
19122
13781
15485
9095
17056
10292
14375
3333
1374
18566
2057
17143
17991
9077
11158
15838
15601
9062
7615
993
1885
8333
3874
9601
18080
18297
12286
5311
5243
14148
15262
445
10067
965
11607
2526
18551
12897
2755
1627
19302
12704
394
6798
5569
11494
737
5249
8741
11895
18284
17981
310
1970
15170
16904
15578
17808
10136
1395
10485
5060
10323
15226
15573
20008
8863
14371
6344
10216
1463
12219
16503
2269
2175
17127
17179
18577
7883
732
5712
18446
34
2999
19831
13538
2328
2340
4816
12652
17821
2511
8565
9367
17653
13617
18708
15183
534
18936
3483
8408
2119
12783
8286
14684
7210
6937
15932
18123
8502
9637
6050
12828
14017
17740
18646
1342
2401
16536
5919
8461
1724
13345
6187
9384
17006
12749
10284
9528
5553
12319
18988
7352
782
8314
10272
982
14162
16564
3954
19311
383
10415
8541
5115
15657
4651
8860
2064
17243
605
3232
6627
10128
8919
15306
16860
19656
10725
14627
9070
17461
8516
947
14214
607
6443
17727
11945
16106
11603
162
487
13192
7516
7025
2260
11790
4021
10312
17938
1396
18419
14503
4019
13440
7194
2014
5482
18114
14360
14907
18522
1934
10320
1727
11992
9988
1734
1817
7173
16498
17223
9126
764
14840
3671
1977
10118
20036
1043
10812
14311
5849
15295
770
3845
8089
1653
9924
3268
2115
7911
18773
10188
12908
6395
14690
9864
13247
8317
3802
18431
3149
340
7345
13744
10202
7755
19916
18127
15927
11293
311
17906
13890
17605
7964
13060
16376
15260
6810
10328
129
16475
6418
3298
3975
321
12310
2497
2721
357
15514
7592
11885
10257
13898
10645
10627
11849
19469
11262
14022
2049
13222
16672
12534
12895
15349
10744
16344
1911
293
19672
12439
9896
3032
17566
4342
12275
13636
12383
741
11195
15385
1866
1339
4175
4151
9313
11783
19020
1763
738
14650
9314
7007
4073
2093
18833
18418
16160
17357
15203
8638
2540
3673
13724
13086
10333
3053
10057
6922
6931
4398
17710
19995
12814
1574
2151
5080
7083
1975
10716
19559
6365
2669
1461
16851
4180
16397
17512
13585
909
16018
797
2118
18537
14948
15617
95
4412
19751
13484
18686
473
5300
6120
14334
425
1545
18745
11788
9351
17093
18491
16883
4469
2757
18949
1533
5727
13871
18027
9189
7233
17886
16500
2679
18787
17838
20060
15335
871
10430
2478
8049
15951
13544
19244
4635
5907
18299
723
19685
2323
12709
1468
12029
8074
8253
4264
9510
16855
10997
4956
17734
15026
19247
10990
14885
18809
11162
962
1561
13992
19456
3476
2182
17980
7506
14891
11907
18223
18292
4754
17107
6853
4636
3531
3385
11711
4717
3121
3328
1941
13927
14140
1922
18406
6028
2445
11613
6570
815
3248
7576
3747
12362
14035
339
6182
2980
14952
18989
18601
17928
2187
7397
17904
9732
10636
2585
18786
5140
10294
16893
50
10503
3010
10511
14297
13061
15983
16299
8295
16797
1644
12745
11596
1312
17698
13079
10344
20028
3857
16367
4186
128
7248
18756
15168
15900
4144
16434
16701
570
10574
5049
19192
18263
11185
13360
15068
6139
13093
13960
14642
17995
11583
2363
12194
6388
17333
2003
15137
1478
4125
18878
1976
13242
1833
2302
1479
15440
20058
19229
1375
906
15419
16231
10791
4551
2235
2610
16603
10599
15395
7604
5087
17449
2456
12494
17055
4201
19064
4373
3335
10386
6721
17623
13844
19014
17379
16719
981
17712
10066
10451
10826
3489
14618
19612
18605
16374
8443
4116
19890
5133
13936
4913
14021
1256
14241
14274
18067
1102
5518
9473
10232
13164
15190
778
19725
1234
10411
3305
15999
2730
10934
8138
3373
17680
16457
1601
5282
9344
364
15277
334
4368
12144
10776
7551
15167
2781
5531
1073
1391
14313
10618
4056
16815
17069
15543
12445
17149
14259
9567
15430
18996
16395
14026
11083
14234
8105
6412
913
2560
7697
18369
9073
10814
9320
1792
16436
7056
17682
4965
17746
589
7531
19018
7374
7051
289
18064
12153
4287
19159
10847
13520
8064
16541
1578
17150
13708
11128
2934
438
17246
865
18862
3781
19837
14230
1770
4569
7938
11917
7795
5834
10548
9534
4563
6958
2011
19173
5548
1060
1666
17082
6468
1953
1392
10789
6494
18728
16069
18193
11126
7793
3093
6672
17136
19124
5111
4646
1895
5375
1347
19072
11546
16074
1807
2025
1848
3728
8425
18891
2963
16439
7203
11438
6004
11595
1616
15480
2814
3138
229
1623
1119
8272
13537
16819
5698
4544
1487
10987
12627
17940
2028
1581
19512
1085
1948
971
9718
537
1766
12586
308
1830
6960
1287
2053
5036
11272
2108
16377
471
19522
12374
15956
2277
14363
7856
284
1251
13711
12927
9029
8717
11299
19976
3622
2532
1678
12372
12756
15627
11864
13072
9503
5939
11435
18568
4932
14166
2738
1548
3002
3175
1258
4778
4749
10424
5917
866
14430
2219
7553
958
2668
18254
15465
1959
7799
15527
16854
15410
14277
19046
8078
466
10564
13601
2938
17724
2034
10429
17025
2523
439
3678
14459
14102
14308
16858
4742
3047
2243
13078
9106
6791
6708
14774
6156
13606
8606
3404
13112
9796
2286
6944
4728
6809
3533
13924
11947
18338
199
6326
7006
13926
5915
18820
19409
18133
3185
18519
11002
16865
1369
3206
8625
3197
19360
901
1515
12655
10117
13475
13340
2284
12214
16805
17775
11936
18116
12218
18060
14998
8313
12861
2556
14201
6628
1990
16429
19991
6109
17448
5192
568
9215
3022
4266
2072
13938
1915
18606
10917
12760
16667
11662
2634
16375
16698
19653
6093
3715
18869
2161
12539
13758
8986
11417
7965
10584
14127
12238
12263
8513
361
3097
351
19682
5680
2163
13954
17065
13576
3346
2424
1835
2699
1260
2929
1313
19089
1075
15548
6031
7405
11113
8714
2010
8215
12203
6108
892
4540
11144
5778
5250
3437
12787
10633
14475
5487
17769
19940
1097
9155
6003
669
7624
5989
1818
11053
898
5500
1326
3393
13921
19742
4420
535
5454
14275
10277
16800
7607
16416
6641
2271
17864
399
7524
18774
16244
260
19467
3916
5872
17741
11989
203
3940
14032
17990
13914
12884
14928
7711
724
17725
12468
19275
7114
4060
12061
7014
237
7581
18533
12493
14435
3763
13422
10452
2568
15803
2804
7513
1820
2236
977
12613
2084
3313
10355
17541
7499
6346
19053
19852
2374
12732
15923
17442
19749
6759
1606
5343
1804
11089
3256
5340
9710
17547
1160
1901
476
13681
859
1710
709
10105
4118
4670
10565
885
2617
14172
16308
14251
14340
13685
19130
19955
8315
5929
1567
15104
13564
74
15697
10275
14265
15176
616
11332
14916
6750
17493
2344
3377
16755
6819
9727
11579
1460
14439
1322
19732
16471
1637
14106
9535
2703
9067
20020
6801
4487
1035
9717
746
2250
9436
1979
6586
16150
6983
1033
3613
8145
1742
1047
2796
18137
818
10365
2138
14138
19547
15542
12474
16214
604
13993
9492
2440
18358
10933
18661
6643
18168
5533
606
268
14660
5041
18822
6369
9714
11792
12649
19614
15265
16422
13832
12832
6391
4896
3129
644
14668
10613
4750
19198
5571
15253
10601
15094
11171
5880
8770
15234
6298
3700
1148
6617
7833
8039
60
6411
15882
2483
10888
619
10696
2438
19019
15809
14104
571
1692
7234
1740
14949
7065
19161
10575
18217
3287
16636
7218
4230
16735
14143
12940
2653
18109
10937
19005
15136
1240
10821
14303
3018
17043
9274
10754
2128
1415
11601
1995
19634
10757
931
10148
557
13131
11882
7306
15235
13581
13666
138
19372
8972
18010
11103
8518
17182
11008
12273
18206
6408
15412
4183
4429
5488
10683
19487
16720
18374
8687
11116
6258
19845
18704
4302
6390
11560
19799
8724
14080
15526
7602
14593
16415
12889
890
12031
2740
19912
10824
3898
14403
12333
9757
1382
542
16924
17992
4280
16665
10799
2476
17537
1827
15474
4509
4603
4129
1259
2077
1351
447
12081
4780
845
2770
10310
1006
11910
12278
11387
578
4827
5782
12022
14455
15185
176
8765
864
13254
8834
13695
1279
16093
13560
4017
15904
1281
13786
12761
11981
2327
15340
9507
16431
7917
9308
19830
8948
4411
11667
11975
8161
121
6959
3698
6303
9044
7444
14046
18929
7471
13969
18332
13279
14142
2359
257
1175
2056
19594
2527
6301
3083
2278
16324
16345
15583
6652
11661
13740
9669
3854
4623
1797
16814
870
6049
1022
17845
15322
133
16659
7122
13554
9343
5187
3369
9468
6389
4775
2444
2403
20022
15015
15228
3565
1007
10567
5364
9771
1781
18319
5046
2886
19855
5330
14674
14656
17839
17312
10970
2835
8921
13847
9293
18716
9682
16760
1082
2605
16543
3908
6773
7552
8728
1162
10640
5339
6646
1686
2087
9903
17313
2798
19267
17786
495
7426
12923
5412
18560
6423
4227
2354
15290
7625
16394
5085
1593
17188
18261
17988
12382
1286
10991
18462
5444
10097
19654
15598
9711
2932
6421
1410
1735
826
475
831
7268
5549
1167
4011
15056
2319
4440
18618
15851
1677
9168
1875
4483
4467
1927
7227
5228
19998
3285
5257
10466
20017
5119
12215
15683
755
7649
18407
721
5095
8558
16774
598
11871
2174
1609
12607
5363
8579
18149
3116
2524
13091
8290
1517
3311
13967
17611
13739
8603
4958
18110
8143
4448
518
5152
12313
12817
20056
6382
2719
8753
17517
510
1084
5793
15572
9460
14189
9096
19737
11877
8537
917
14927
19539
7546
2545
2224
10578
13062
7849
15714
16680
477
14232
6488
11236
16183
18225
18823
4919
14788
4168
3296
14592
17763
9181
5728
13667
15209
18398
1932
18258
392
1936
4759
14247
14692
8069
10352
8514
16260
2125
5797
9423
17447
9975
4705
12913
18847
16516
17139
18976
1790
17414
17350
8595
8635
16853
17798
7713
1063
7001
6208
5289
16607
17597
19600
12277
14653
12899
9747
11329
10012
11011
6831
803
1436
17760
18884
14964
601
902
2429
801
10299
16004
8967
14020
9850
14471
7434
10804
3553
8084
94
8169
7514
4146
10200
16288
13654
2960
4731
11962
5047
840
11666
2369
19249
10805
5491
719
6235
2619
10028
11909
11588
15249
5946
14203
1870
15328
19769
16915
19988
14339
14370
3308
7433
2930
19464
6440
15699
15778
2945
1854
1481
10585
2330
14661
10045
4823
2727
15830
6521
19037
13906
12536
8456
643
12045
8812
4025
13549
1791
630
15528
16091
8784
9370
17360
5126
19835
17574
16616
7005
7496
11269
16610
7197
3351
12415
12162
3646
4421
6694
14886
19448
2253
18233
15462
11665
7680
2196
7808
11274
427
11261
16372
3783
16292
10108
12491
429
1749
12764
2489
15586
17014
14057
6783
18152
19820
17729
3016
11787
1111
18580
17872
2378
2215
18331
16530
18532
13108
8869
17061
2158
15161
18226
5118
18649
3938
3726
10034
11108
18370
18879
13925
5599
4590
482
6343
4221
16708
18983
3869
10243
5765
5681
12196
6445
5465
17656
651
16577
8202
18791
16048
7940
1631
15712
18445
10639
17249
1767
10815
19613
1091
14453
7617
18752
11411
19078
984
712
16655
6170
10948
11388
11959
10207
8991
8573
16902
18849
3424
372
7719
17863
19974
5624
13437
2419
14280
893
1405
12414
6124
14797
3825
735
15145
7245
18247
5729
18530
396
16325
17257
5984
16963
1843
9437
5298
16841
1173
3970
8589
9194
14676
16614
3245
19362
18940
2136
17147
6529
1393
16261
807
19520
1352
2165
12883
18876
17768
8269
12334
6436
17362
2509
11432
19994
14672
20041
17103
886
10357
10385
18440
10695
3714
17843
7115
5700
5478
15180
14779
15826
19157
4921
1562
18442
18400
13528
7905
14053
1264
17432
9323
17212
14019
4198
4093
14198
2557
7542
1544
2534
19193
9071
4521
16316
355
3519
3635
107
18003
18130
19227
3
7331
7412
4162
9015
3504
17072
16922
11892
7054
12520
6090
5319
20067
5772
15831
2591
5529
16867
2955
2733
19388
7515
11050
9446
1728
6802
12274
9149
9339
14267
18789
3104
17034
18991
1591
1276
4979
1153
20027
15460
955
11606
13468
15678
18347
994
13123
13632
10743
214
1161
9927
6002
18959
16955
8615
10779
16570
521
1617
1753
16784
2126
717
1092
17916
5276
10500
4638
17048
9035
8151
3110
6348
10785
11812
5254
12714
19965
306
20033
6210
10453
11
6014
14822
4844
14271
1128
14099
9808
4510
5303
8906
9284
8029
14975
18481
7168
7951
15438
19393
6189
349
7187
5690
12397
9148
19144
2061
17576
11490
17587
979
17652
12444
11238
8190
2583
1466
2539
9768
18441
17126
688
3982
1960
9579
15607
246
7113
16130
3568
853
18898
4895
4150
2001
14896
691
2598
5113
19289
3415
10911
1539
7550
549
18944
7257
6304
12585
206
15772
16656
3148
2975
1169
12708
918
12297
1314
519
11418
17380
13098
12873
5601
8086
241
3814
134
11717
4410
1675
3046
19603
2492
3076
16293
4458
7418
7460
1808
2238
19535
3080
4404
8715
4664
19824
13231
13106
15175
10245
1297
3614
13572
10583
14798
2675
6467
18034
3089
118
19338
19175
13073
149
19434
12377
136
7687
5634
2233
13359
1
18452
18676
5992
5044
1467
8841
5688
8745
10482
8576
14373
10417
7480
16483
15097
18112
19660
8856
14268
14159
5328
10871
575
2795
19931
18931
18652
12084
3757
6387
10728
2544
15591
17288
6504
431
15764
14396
1045
1687
2734
12283
19833
10846
17719
378
18249
2741
8535
15834
14136
12795
16555
19207
9918
4773
10698
3739
2654
1168
13908
10032
10342
5527
10495
14225
10349
17777
1284
7322
16991
8363
20035
19059
12784
10635
10647
3259
15390
14210
19841
324
13271
9180
5903
4256
12199
15116
17240
17978
983
2676
1621
781
17264
4111
12866
14830
17915
10332
18317
19827
2893
18415
17221
2389
3212
14029
3863
13174
1636
13339
11239
2148
17753
17138
13997
12323
16291
3449
17930
5995
10044
4413
18975
4254
19724
5924
1650
6216
19491
137
5171
8490
1972
12712
17902
6450
8232
8859
19558
887
2101
3638
15892
14773
17949
14233
17974
16632
8066
6081
15314
8871
14042
10056
8071
1285
1747
2555
10135
4091
3322
15283
17950
12049
3271
12076
18802
16396
4408
14652
5142
7807
1245
13452
12268
18380
18831
15261
159
8776
17892
5172
3767
3610
15987
1106
1904
19141
14123
14688
7517
17521
3985
7923
6178
11373
4098
13322
14354
8409
1917
16461
1185
15823
19154
4277
76
7450
17723
3707
13361
5703
15637
11897
9004
1124
18702
16828
15174
10971
5785
4520
2579
16123
3919
590
18556
3795
8364
17503
550
4685
10762
13935
175
10490
16684
941
11658
8536
10059
6564
618
1311
17232
1049
19709
7727
19179
1492
86
2633
852
11420
15312
5544
17822
15920
1642
12830
7317
16793
14152
14008
18102
16644
5641
5024
7925
6065
2928
9135
9045
3337
6511
4514
5990
6939
4281
9590
10675
1746
16460
17979
16385
16019
117
1930
19708
16115
89
4223
8908
14364
19700
14074
12547
19602
18771
1600
13716
14874
13182
16769
6246
17119
16152
7028
711
14333
6892
10637
11117
14695
8835
17320
2135
18399
1925
8246
14381
16849
10072
18860
16739
2450
11212
14898
19689
3315
1778
6196
1127
9773
15111
11232
11865
8369
10210
17866
17459
2338
17868
13604
19027
14209
7359
1404
13456
19504
11789
15357
9234
16942
2949
2725
916
14594
642
10314
2639
2095
706
19765
10604
17618
3452
7844
7889
17044
13290
10831
15547
9863
2578
2461
3465
17939
1263
2713
2276
108
16028
12986
7976
14216
6649
3651
18915
4121
19140
16040
5985
10709
20061
16526
17260
13678
13592
10380
11530
5309
760
14443
7695
5918
14872
8485
701
3834
19867
3796
17516
16581
18169
2395
14290
9270
2935
2299
12406
2717
10060
13893
10857
5961
1483
8210
2193
14043
12013
14605
3658
17473
10713
8842
14647
4269
600
17899
6637
9533
13314
8309
19752
1235
1252
10266
12018
8824
2293
16690
13791
1343
10576
1783
5004
17593
19968
17790
12009
2200
19397
7145
10499
3629
4033
5131
2762
19934
5971
2496
11361
19923
5379
7960
5206
19530
4671
1639
10739
2100
5420
11888
1608
1103
4762
1198
10562
8992
12305
891
9294
10993
1877
16366
10107
2637
8397
13950
14837
3469
11893
17697
3441
8970
19617
9775
82
16652
9094
9068
16661
14207
14977
11096
2360
4832
13917
13054
6406
2234
2561
504
10825
6249
19552
18954
1417
11237
12892
1738
5860
1189
11483
12221
12385
11801
96
17971
11031
276
7094
10325
6678
14925
18780
1154
4127
13012
1200
1433
5434
389
18306
1181
15396
19169
12146
11513
13578
1702
13691
14171
19554
10313
18905
120
8814
2742
1572
18205
5248
10674
16792
7975
13153
6143
17525
14931
17524
19962
4203
1857
15897
5258
11182
16802
10176
10522
3937
7301
10959
144
13495
9196
16101
12331
17994
19766
16200
3495
3624
17029
8798
6814
12882
18290
3012
8608
5207
1194
9013
12941
8037
13814
10246
17112
833
5285
2518
2536
7640
5415
4178
9568
2131
20064
19860
1955
17898
17616
1220
2906
3170
11876
16575
8955
12371
17757
19969
14933
13598
14256
14097
14235
4117
20042
9046
5122
15674
6349
15179
769
4712
19963
13055
3892
19561
18492
14169
16834
17217
1679
7415
529
12346
3342
12850
13752
2399
4695
2636
12291
927
20051
2381
1744
8564
6920
14376
4684
13785
17936
6839
10930
9349
9212
19266
11638
5281
17016
8255
15701
2173
15918
18280
17122
16387
3291
9069
15327
5143
14101
11493
4897
16494
9871
2263
19605
7419
15787
4482
12490
15006
16275
14440
5273
17287
18965
19315
2103
11968
9479
14912
12797
15144
7912
13743
9064
795
71
8172
2205
9655
10788
16135
2018
11012
10375
15181
6790
1765
3122
12802
7488
6437
1978
3209
4166
1752
12165
13465
2301
2689
750
11503
16951
4783
15801
19115
17184
19857
1596
1868
5952
11741
17619
17331
9177
16159
3652
889
5584
15570
19582
3389
8328
4990
15780
18194
18202
18685
18295
1681
10704
1944
5178
14034
1442
9388
7521
18980
6607
10540
20069
824
15894
5421
18485
1226
14244
18164
7688
2571
15308
894
14615
13540
20047
10508
10874
7895
4072
10841
1560
11276
17706
14305
10974
3669
11858
9447
8598
14226
11543
5148
19706
753
6738
1850
7914
2140
11915
13738
11214
472
5875
6221
2969
11114
19355
17557
1699
2611
15441
11901
2171
2732
19651
17526
13105
17417
6319
4453
15766
1865
16364
17960
1522
14392
10187
7171
5384
16794
10868
13959
751
13946
1556
12100
5123
17445
4760
646
13323
18935
19834
4850
7483
3787
14823
11855
1229
12771
1475
2443
10961
1809
1458
11004
44
7875
15288
3402
8980
2627
18641
17024
15943
13623
4308
9977
3254
1741
4631
1928
11776
1718
13609
11480
18213
16373
1654
10840
16987
10327
3366
11499
19108
2024
7279
17077
790
13698
10708
785
9730
796
8761
10491
14361
612
10658
2017
2768
359
3460
2149
3675
17291
6609
17862
2701
12289
5885
16320
17609
11252
7105
5535
19459
16574
15539
749
19242
2736
3365
4224
11283
135
587
10558
12225
152
12560
16556
17140
2884
5191
5524
8962
1900
17354
15977
2648
10367
17359
11228
4501
1771
17816
17419
19126
1758
3859
15196
8538
10856
10062
7282
2926
19945
4192
17399
19031
9836
15588
11244
1157
13715
9686
834
18277
1860
4912
9790
8557
10654
2091
15785
9262
12262
3352
15292
18565
17622
12336
9023
19170
17155
19858
16721
8817
6774
18932
19645
899
9341
5358
11460
5819
16016
18428
1001
15211
18074
6524
14956
1083
6577
5693
18755
13218
17199
1841
13342
19013
2925
13656
10514
17773
3218
16109
9930
662
16653
1615
7784
1270
4713
9024
17958
15911
8655
11267
9374
17986
4856
3687
13749
9050
10686
12717
2195
8450
14266
2567
4134
6315
5664
14714
16452
1137
16911
7721
13717
16857
7455
11265
18108
2019
8631
18360
1462
17423
12104
18914
12698
16926
19065
10104
2684
5597
843
3178
9651
14011
125
19301
12874
1626
9745
9224
6225
10849
1754
14227
14133
1015
18852
5272
12303
18614
8556
657
1094
2415
20004
3323
11509
12409
17436
14359
1577
41
11484
19681
6870
14635
11001
10469
19863
19642
16258
3411
10427
18312
58
9650
12398
5745
11692
15964
14315
10571
17778
3310
2376
11956
4641
18995
17922
4275
6601
17204
653
7622
1243
5752
10127
18730
11523
10420
5770
19365
17744
8733
8121
5230
7627
1919
960
10448
854
12726
16462
11273
15718
17833
8164
17951
12550
1998
17479
18973
1135
14614
9010
6132
5662
13980
966
12943
5504
1399
18167
3013
6479
714
2457
2753
18121
16954
2020
3979
19410
3103
19343
1018
8525
1604
11656
17186
10741
1321
9968
3929
15182
10102
6803
3956
15271
17372
3462
17483
2447
8911
10422
18084
10322
9557
14253
2452
4374
3131
2782
12205
1438
3048
1962
16122
7804
3406
12329
17053
18875
783
208
6403
16166
15201
9554
18257
14966
17231
10180
2258
13137
16900
1725
16450
2552
8888
13639
19096
1158
4917
11926
1506
402
1443
16673
3371
5154
5468
1816
16737
16257
2525
2092
14068
961
4159
5471
8495
11360
5368
18698
3913
1803
3800
18253
1897
19430
2166
10706
5091
16754
2739
9092
17791
17859
16418
17444
1305
7069
451
546
5661
13790
4324
10370
395
16370
3694
18134
1788
19095
19959
6732
878
19667
8119
4581
18334
12583
4587
7118
13490
4960
11507
5377
2241
4362
18083
10267
3356
2927
2320
4331
3951
11258
304
7411
2553
6993
35
18425
10010
1696
5423
2700
3058
8979
9891
14018
14959
19015
533
19021
1505
15903
11067
9292
8799
14078
13032
18861
3052
81
19455
9116
16895
2474
12293
13573
4658
19856
4792
4348
9087
1942
4442
8760
9589
10605
11495
1945
4562
14030
11489
3846
14387
11422
1056
8111
3355
7161
12021
8778
17335
19083
5511
9006
1071
1011
2708
16013
18184
16219
18142
6393
19525
11764
10308
6130
19107
5676
17560
12573
13704
12729
4632
3832
19261
3862
2777
5653
17495
3743
12862
10269
8596
3734
6457
11986
3334
9120
145
14075
14731
956
14160
6044
7597
13971
5247
16908
5385
740
1464
2201
10450
14357
15602
15824
19097
10220
4642
3803
13630
15819
804
19214
12816
14607
16999
16733
18868
345
14105
1451
5450
8134
2784
13706
16600
15703
2423
5050
7930
9923
17681
2266
14367
881
6547
3731
9184
10678
16089
9550
18375
19761
6581
9844
18348
10798
10886
221
4439
15003
6407
8080
11833
9822
13798
14243
2073
8795
8811
5554
12475
17075
12707
19131
404
19346
2936
3384
16791
14122
6140
20034
11793
19686
170
3491
12767
12451
8780
2688
8075
12454
14150
12301
16076
8956
970
11160
19413
3200
1759
2569
4585
10870
7879
2521
4724
18877
19670
1078
2436
8883
7528
1394
3124
16379
2709
309
17731
13280
1038
2641
7400
13304
12224
8759
8271
17250
17754
3156
5874
14109
561
9002
548
388
216
515
19588
12229
16571
299
2227
4505
1589
2435
1924
6030
4586
5512
15100
16011
16361
8052
10809
4994
13683
531
4781
1498
10253
6656
3231
15270
11784
17911
11772
12473
10538
12996
6701
15693
19892
9934
10910
7111
6165
1295
1688
6241
12159
2590
10822
19411
12727
17366
13522
4730
9854
15516
6025
12335
13377
10444
17185
1536
13998
19793
9846
13551
17080
7762
10507
9478
16511
18903
17686
13181
1449
1595
1100
2204
7886
1055
3697
5083
15093
8110
12428
13897
744
113
4172
17604
3887
11395
2629
12369
14697
12270
4437
9407
1039
2261
2089
18238
2393
98
12974
713
1891
14968
4323
1823
16723
2979
3808
17050
19420
17585
6624
2023
19158
14639
2682
8108
15428
13626
14908
4376
7180
12043
10190
16466
18156
3873
2035
11781
374
18782
14638
12568
223
10603
6054
3125
18341
16884
13287
6329
461
8430
19100
3691
6318
16522
4397
17180
9324
10978
303
1227
16232
1190
13693
1222
17535
2931
10524
9412
15587
13333
4504
19313
10823
1720
7394
1663
7944
3579
8884
19104
15698
8403
2589
18776
4799
12928
17799
3993
11429
18758
6792
9470
9781
9142
20016
19847
17900
15062
10281
12347
15675
16996
19500
16443
13447
13531
13722
620
6251
1034
4842
17178
1682
7456
15551
10081
10854
545
15561
16051
16702
11022
19674
10746
18926
4880
17017
4490
1484
16386
16682
4727
11111
12228
4216
3893
14757
16523
9456
11879
1676
1482
18950
19727
14120
17586
15420
16216
1594
18739
19755
16562
759
16297
15296
16866
6220
10247
8135
12587
1658
3172
14732
8764
15285
10456
16874
4284
10463
10242
11147
15218
13619
1963
2391
19595
20066
19007
16319
992
8672
2661
1349
11063
5052
3061
17481
8993
6432
2584
9307
11338
5307
5395
5014
1815
14176
4228
18065
16952
15264
2430
2416
19090
17225
19608
2154
18076
19473
20044
861
4550
6585
16670
5704
5161
17765
2127
10472
14585
5657
4447
4018
16095
7031
8577
3858
16965
849
19136
10301
12024
4511
2519
12190
14743
1061
11866
2203
1140
4678
19953
16812
2458
8996
14252
14651
11519
5460
19533
9687
2623
10525
17874
2586
2707
8739
16302
16259
11109
14409
14318
4078
10876
11697
1199
15512
13049
16888
1373
1435
9615
1211
2067
15680
15224
17891
1452
10895
7901
2213
11701
8311
1426
15405
666
16633
17237
11816
17153
6137
11561
51
9544
16887
17565
16378
2058
13756
1564
7786
19240
13869
17983
7066
2596
172
15371
15481
1255
4785
3246
7357
12285
7725
16449
1745
13595
14782
3005
14335
16821
5253
2748
16905
19296
12163
1709
6543
5310
16479
12513
19462
12053
15368
17498
7667
9336
7783
1431
14341
5925
12344
4294
1236
17687
3314
2528
4507
15934
7018
5906
11881
16662
3062
17248
10763
10144
2776
10165
4634
2670
4927
9310
3096
2159
10965
13394
9269
12217
17129
17172
19211
1282
16533
11253
19245
4943
15585
14736
1344
12598
2958
2514
1864
1232
15130
2431
1840
9922
19194
2237
10359
10590
18472
16191
5804
5685
8387
4798
7742
11504
16710
3736
2502
5509
7260
10167
17169
14276
19342
14310
11857
10642
683
9486
13686
10258
2551
614
1386
11605
16392
18987
4233
5757
253
10751
8372
4496
9876
1795
7225
10106
15945
9281
14087
16788
7063
19156
15914
8916
1630
5098
2783
19043
10211
11170
13757
7049
17382
1004
2280
18557
200
11502
8954
19045
860
18381
7410
3764
12044
11472
15800
6971
16626
11522
1685
11586
4005
10801
1965
18231
12210
19138
2797
2199
5001
10240
10241
13631
13065
13559
14796
14092
18066
14096
19933
17385
10655
17968
4135
10554
2408
16065
3537
15695
1020
9883
17086
7259
3573
11863
15605
2082
17238
1717
8695
10609
11738
486
844
5717
4259
9085
92
19063
6788
19441
6724
4126
10928
19366
3003
4002
9040
1984
17841
3255
7736
7119
1072
13373
3244
5063
13733
12157
12735
7693
3805
9973
1219
4580
13379
2071
10748
820
7661
3550
8590
14902
4049
456
2959
18262
7392
2467
3773
9671
15789
5391
16442
11988
6579
13615
9670
4306
1093
14444
1291
4481
7176
11544
16276
19033
265
19758
9674
18835
18740
3494
12605
6527
14969
9802
11323
2420
17910
307
8366
8322
4689
16307
2587
5736
19407
13502
4770
12282
11746
1838
1507
9812
3293
3225
19310
7692
1176
17728
10376
10766
2631
11093
15384
13434
4723
17234
3267
10878
16459
1213
4984
12492
1430
13460
18736
6181
10544
17807
10893
15870
14632
16044
19002
84
16637
13596
2287
16654
6245
18063
14967
15810
8959
16674
16330
3849
3717
13369
448
10182
5189
945
14356
9438
17996
1691
16334
11854
1776
13541
37
13244
10593
8270
2885
1202
9444
13488
10807
3427
10921
15401
16112
19180
5947
17005
5740
18882
8831
18848
847
19381
1306
2635
17694
16399
13189
15358
14390
10079
1954
19999
4882
17844
3760
8668
2332
14877
7585
1069
19265
87
2459
5695
5146
2660
6808
1973
10006
9743
14762
17123
13637
18286
2791
9956
4888
1756
2427
13130
3738
1683
6041
14433
9317
401
3361
4137
1786
8988
19471
9904
11825
7454
3294
9273
9060
7090
6066
10339
3953
7554
8877
11528
10839
11264
18136
15507
19056
13251
9641
565
16083
15600
18192
7908
6260
332
18212
11152
8465
6950
10650
16197
11023
15227
14771
9139
10561
14272
15232
8850
17096
5013
11868
14205
13764
414
2259
14037
11377
18544
3966
3339
2490
12997
18867
841
19664
10192
5498
12087
7142
18480
4136
4993
667
1016
2248
11467
1706
635
8266
13813
19599
10710
6935
8524
1647
4446
2750
888
19395
883
4182
5408
11014
951
14281
15998
7226
13730
12779
193
12464
640
19139
13767
13624
15267
10842
13594
7010
7577
4534
17699
11005
7683
2538
8998
7839
9086
8493
14747
14611
13983
14502
10397
18314
4369
14957
18265
1645
16972
13931
3492
4835
16199
12582
13580
14923
15569
800
6525
7361
7696
10983
2778
15505
7002
14476
10559
14086
9401
13
17954
18648
5702
6286
4170
9688
10688
16617
4083
10819
2292
6456
17036
55
1454
6228
3789
14299
10278
14239
1253
19024
5851
904
10851
16692
9146
2274
10756
775
7457
11457
15083
7288
1268
3542
8131
13491
5877
13510
5324
5064
11589
8176
6883
1307
1370
4176
18105
12098
1180
2465
316
14014
18077
5294
4286
116
19846
1664
8228
8650
6671
9232
8924
3507
3782
3394
9810
256
17800
14358
9338
2254
4340
16576
6984
2400
18448
305
10360
4288
12969
10295
6693
17130
19125
2686
1302
8067
3928
13230
19498
2245
2625
1863
16477
19142
1873
1997
17766
1916
9722
15947
13861
14909
8690
70
1921
13141
15913
13317
3056
17713
1657
18033
2470
15159
13824
14700
6232
8147
11118
1986
1775
15303
13879
14124
6239
15498
15488
18881
4335
7020
7798
2321
1029
2208
2326
235
19282
18150
689
7362
3965
16959
12236
10214
6591
13865
17290
5410
18015
4207
2267
15924
2580
1898
10076
11894
16010
10621
17378
5293
19954
19928
3486
16635
16403
106
14246
9617
11146
3753
376
8238
19526
12504
2081
13833
3592
2978
16171
7186
11861
14038
19155
18394
4575
8679
15035
16358
10311
2168
8773
1051
1832
7196
18250
12433
5354
5607
2339
8748
11641
5329
14857
12455
7628
9482
2279
6300
11850
2582
12403
17571
1423
11270
11763
3039
3349
5094
9105
13848
212
19309
7223
6515
869
19726
7623
3070
13825
19349
3358
7314
9012
819
